0 0.208421 0.092969 0.178947 0.173438
0 0.394737 0.090625 0.185263 0.162500
0 0.576842 0.092969 0.172632 0.164062
0 0.749474 0.090625 0.160000 0.162500
0 0.195789 0.257031 0.191579 0.135938
0 0.386842 0.287500 0.163158 0.190625
0 0.554211 0.285938 0.167368 0.200000
0 0.718947 0.284375 0.151579 0.196875
0 0.845789 0.299219 0.104211 0.204688
0 0.909474 0.080469 0.151579 0.145313
0 0.260526 0.388281 0.078947 0.107813
0 0.387368 0.464844 0.151579 0.135938
0 0.566842 0.478125 0.186316 0.153125
0 0.742632 0.475000 0.142105 0.134375
0 0.390000 0.607031 0.148421 0.157813
0 0.553158 0.638281 0.156842 0.145313
0 0.558947 0.814844 0.157895 0.204688
0 0.720526 0.607031 0.163158 0.107813
