0 0.136875 0.126880 0.258750 0.223684
0 0.393125 0.124060 0.258750 0.203008
0 0.181875 0.384398 0.206250 0.280075
0 0.398125 0.371241 0.283750 0.313910
0 0.408750 0.615602 0.255000 0.174812
0 0.415625 0.796992 0.266250 0.195489
0 0.592500 0.738722 0.092500 0.101504
0 0.665000 0.129699 0.250000 0.233083
0 0.900625 0.150376 0.188750 0.278195
0 0.918750 0.475564 0.132500 0.398496
0 0.766875 0.330827 0.098750 0.146617
0 0.668750 0.432331 0.105000 0.120301
0 0.734375 0.664474 0.121250 0.163534
0 0.576250 0.471805 0.055000 0.266917
0 0.802500 0.802632 0.050000 0.101504
