0 0.132500 0.107277 0.241667 0.184442
0 0.362917 0.113551 0.222500 0.176913
0 0.609167 0.109159 0.261667 0.188206
0 0.855833 0.135508 0.223333 0.248432
0 0.146667 0.331870 0.266667 0.262233
0 0.389167 0.335634 0.220000 0.259724
0 0.619167 0.338770 0.241667 0.263488
0 0.854167 0.371393 0.221667 0.225847
0 0.850000 0.581556 0.276667 0.209536
0 0.580417 0.575282 0.252500 0.209536
0 0.316667 0.576537 0.266667 0.224592
0 0.095417 0.599122 0.157500 0.237139
0 0.307917 0.758469 0.214167 0.124216
0 0.125833 0.771016 0.148333 0.096612
0 0.546667 0.748432 0.226667 0.139272
