0 0.309167 0.328750 0.611667 0.647500
0 0.668333 0.456250 0.100000 0.487500
0 0.856667 0.663750 0.276667 0.257500
0 0.776667 0.465000 0.110000 0.135000
0 0.339167 0.741250 0.141667 0.172500
0 0.106667 0.872500 0.000000 0.000000
0 0.059167 0.847500 0.095000 0.110000
0 0.309167 0.392500 0.615000 0.775000
0 0.679167 0.503750 0.115000 0.552500
0 0.863333 0.658750 0.266667 0.242500
0 0.304167 0.371250 0.595000 0.727500
0 0.065000 0.830000 0.100000 0.140000
0 0.666667 0.477500 0.120000 0.490000
0 0.866667 0.631250 0.260000 0.212500
0 0.771667 0.445000 0.083333 0.155000
