0 0.270000 0.711667 0.120000 0.143333
0 0.268125 0.570833 0.141250 0.145000
0 0.373750 0.739167 0.067500 0.141667
0 0.459375 0.741667 0.086250 0.143333
0 0.434375 0.587500 0.103750 0.168333
0 0.267500 0.409167 0.137500 0.171667
0 0.168125 0.160000 0.333750 0.316667
0 0.415625 0.237500 0.133750 0.238333
0 0.470625 0.074167 0.211250 0.121667
0 0.912500 0.096667 0.167500 0.190000
0 0.558125 0.376667 0.126250 0.266667
0 0.783750 0.431667 0.235000 0.173333
0 0.666875 0.209167 0.118750 0.201667
0 0.636250 0.713333 0.110000 0.086667
0 0.734375 0.670833 0.051250 0.161667
