0 0.164167 0.447468 0.055000 0.064557
0 0.117917 0.405696 0.072500 0.082278
0 0.062083 0.352532 0.099167 0.122785
0 0.030417 0.262025 0.040833 0.040506
0 0.589167 0.243038 0.118333 0.308861
0 0.572083 0.640506 0.082500 0.174684
0 0.768333 0.386709 0.120000 0.117722
0 0.805833 0.462658 0.090000 0.067089
0 0.649583 0.451266 0.047500 0.072152
0 0.681250 0.308228 0.042500 0.175949
0 0.274583 0.818354 0.030833 0.046835
0 0.216667 0.794937 0.025000 0.073418
0 0.794583 0.834177 0.042500 0.045570
0 0.497917 0.549367 0.052500 0.060759
