0 0.144167 0.103627 0.205000 0.194301
0 0.038333 0.112047 0.065000 0.200777
0 0.088750 0.328368 0.147500 0.213731
0 0.160417 0.553756 0.227500 0.224093
0 0.205417 0.389896 0.089167 0.119171
0 0.337500 0.477332 0.161667 0.231865
0 0.194167 0.744171 0.235000 0.161917
0 0.521667 0.327073 0.175000 0.229275
0 0.679167 0.341969 0.148333 0.248705
0 0.545833 0.559585 0.200000 0.233161
0 0.506250 0.767487 0.219167 0.123057
0 0.741667 0.172280 0.091667 0.085492
0 0.916667 0.200130 0.156667 0.224093
0 0.864583 0.391839 0.222500 0.224093
0 0.749583 0.659974 0.122500 0.091969
0 0.931667 0.560233 0.116667 0.128238
0 0.664167 0.770725 0.061667 0.072539
0 0.795833 0.762306 0.113333 0.091969
