0 0.117188 0.105469 0.101562 0.195312
0 0.041016 0.134766 0.042969 0.128906
0 0.066406 0.308594 0.125000 0.234375
0 0.232422 0.460938 0.199219 0.437500
0 0.091797 0.515625 0.082031 0.164062
0 0.015625 0.507812 0.023438 0.093750
0 0.013672 0.666016 0.019531 0.089844
0 0.394531 0.263672 0.101562 0.175781
0 0.525391 0.412109 0.152344 0.292969
0 0.414062 0.417969 0.078125 0.117188
0 0.613281 0.667969 0.273438 0.210938
0 0.814453 0.800781 0.121094 0.179688
0 0.939453 0.880859 0.121094 0.121094
0 0.718750 0.826172 0.070312 0.105469
0 0.404297 0.658203 0.128906 0.113281
