0 0.015625 0.056641 0.023438 0.089844
0 0.109375 0.119141 0.101562 0.128906
0 0.076172 0.234375 0.144531 0.109375
0 0.072266 0.417969 0.136719 0.242188
0 0.365234 0.144531 0.136719 0.195312
0 0.302734 0.380859 0.230469 0.246094
0 0.167969 0.541016 0.046875 0.144531
0 0.236328 0.542969 0.082031 0.062500
0 0.486328 0.439453 0.128906 0.191406
0 0.652344 0.396484 0.109375 0.121094
0 0.625000 0.521484 0.132812 0.167969
0 0.478516 0.609375 0.160156 0.171875
0 0.628906 0.703125 0.125000 0.187500
0 0.775391 0.667969 0.152344 0.218750
0 0.929688 0.791016 0.140625 0.183594
