0 0.033203 0.457031 0.058594 0.562500
0 0.207031 0.136719 0.203125 0.265625
0 0.089844 0.472656 0.046875 0.625000
0 0.224609 0.455078 0.230469 0.371094
0 0.177734 0.728516 0.128906 0.160156
0 0.337891 0.158203 0.058594 0.230469
0 0.437500 0.234375 0.070312 0.078125
0 0.468750 0.517578 0.148438 0.496094
0 0.382812 0.376953 0.039062 0.082031
0 0.371094 0.587891 0.062500 0.082031
0 0.599609 0.570312 0.105469 0.359375
0 0.691406 0.605469 0.078125 0.312500
0 0.757812 0.705078 0.054688 0.175781
0 0.812500 0.589844 0.085938 0.062500
0 0.853516 0.716797 0.121094 0.199219
0 0.958984 0.806641 0.082031 0.199219
0 0.892578 0.853516 0.058594 0.074219
