0 0.140625 0.833984 0.210938 0.277344
0 0.158203 0.607422 0.292969 0.175781
0 0.279297 0.716797 0.058594 0.035156
0 0.265625 0.496094 0.429688 0.039062
0 0.236328 0.335938 0.464844 0.281250
0 0.187500 0.103516 0.304688 0.199219
0 0.656250 0.101562 0.625000 0.195312
0 0.343750 0.742188 0.078125 0.460938
0 0.449219 0.650391 0.117188 0.238281
0 0.431641 0.867188 0.042969 0.187500
0 0.726562 0.273438 0.507812 0.140625
0 0.699219 0.394531 0.453125 0.085938
0 0.689453 0.517578 0.425781 0.152344
0 0.738281 0.646484 0.390625 0.097656
0 0.658203 0.835938 0.269531 0.273438
0 0.832031 0.800781 0.070312 0.203125
0 0.914062 0.548828 0.023438 0.105469
0 0.943359 0.566406 0.027344 0.070312
