0 0.021484 0.134766 0.035156 0.261719
0 0.101562 0.414062 0.117188 0.734375
0 0.025391 0.552734 0.042969 0.496094
0 0.300781 0.179688 0.164062 0.085938
0 0.302734 0.449219 0.269531 0.453125
0 0.306641 0.716797 0.230469 0.074219
0 0.335938 0.792969 0.132812 0.070312
0 0.484375 0.630859 0.085938 0.371094
0 0.634766 0.666016 0.207031 0.324219
0 0.789062 0.757812 0.101562 0.273438
0 0.689453 0.863281 0.097656 0.062500
0 0.878906 0.837891 0.070312 0.160156
0 0.943359 0.898438 0.050781 0.140625
0 0.986328 0.927734 0.027344 0.128906
