0 0.500000 0.093750 0.992188 0.179688
0 0.501953 0.335938 0.996094 0.289062
0 0.955078 0.505859 0.089844 0.035156
0 0.291016 0.566406 0.472656 0.164062
0 0.267578 0.738281 0.394531 0.179688
0 0.492188 0.714844 0.039062 0.125000
0 0.181641 0.898438 0.183594 0.132812
0 0.355469 0.863281 0.085938 0.062500
0 0.369141 0.933594 0.058594 0.070312
0 0.441406 0.845703 0.046875 0.027344
0 0.447266 0.886719 0.042969 0.039062
0 0.451172 0.933594 0.027344 0.046875
0 0.720703 0.509766 0.378906 0.050781
0 0.660156 0.751953 0.250000 0.425781
0 0.845703 0.699219 0.113281 0.320312
0 0.914062 0.732422 0.031250 0.113281
0 0.804688 0.880859 0.031250 0.035156
