0 0.054688 0.322266 0.101562 0.636719
0 0.136719 0.433594 0.054688 0.703125
0 0.087891 0.683594 0.035156 0.078125
0 0.197266 0.441406 0.058594 0.562500
0 0.384766 0.552734 0.308594 0.386719
0 0.376953 0.306641 0.113281 0.113281
0 0.257812 0.318359 0.054688 0.089844
0 0.449219 0.341797 0.023438 0.042969
0 0.558594 0.578125 0.039062 0.140625
0 0.685547 0.750000 0.285156 0.218750
0 0.671875 0.601562 0.148438 0.078125
0 0.474609 0.765625 0.136719 0.039062
0 0.523438 0.808594 0.046875 0.039062
0 0.861328 0.843750 0.066406 0.218750
0 0.927734 0.894531 0.066406 0.164062
0 0.980469 0.931641 0.039062 0.121094
0 0.785156 0.884766 0.085938 0.050781
0 0.812500 0.933594 0.031250 0.054688
