0 0.521484 0.115234 0.957031 0.222656
0 0.970703 0.261719 0.058594 0.078125
0 0.521484 0.310547 0.847656 0.160156
0 0.529297 0.464844 0.832031 0.132812
0 0.220703 0.671875 0.207031 0.265625
0 0.238281 0.890625 0.164062 0.164062
0 0.429688 0.615234 0.210938 0.160156
0 0.410156 0.835938 0.078125 0.273438
0 0.490234 0.763672 0.050781 0.128906
0 0.496094 0.898438 0.031250 0.140625
0 0.767578 0.613281 0.386719 0.156250
0 0.753906 0.736328 0.343750 0.082031
0 0.939453 0.708984 0.027344 0.035156
0 0.646484 0.875000 0.113281 0.187500
0 0.761719 0.873047 0.070312 0.183594
0 0.861328 0.804688 0.113281 0.039062
0 0.812500 0.861328 0.031250 0.082031
