0 0.015625 0.384766 0.023438 0.597656
0 0.097656 0.498047 0.132812 0.386719
0 0.292969 0.238281 0.218750 0.117188
0 0.273438 0.142578 0.132812 0.074219
0 0.271484 0.332031 0.207031 0.070312
0 0.296875 0.533203 0.257812 0.324219
0 0.478516 0.636719 0.105469 0.320312
0 0.380859 0.724609 0.105469 0.058594
0 0.664062 0.726562 0.265625 0.250000
0 0.708984 0.583984 0.082031 0.050781
0 0.826172 0.753906 0.058594 0.203125
0 0.890625 0.802734 0.062500 0.167969
0 0.958984 0.869141 0.074219 0.167969
0 0.628906 0.869141 0.070312 0.027344
0 0.759766 0.869141 0.042969 0.027344
