0 0.062500 0.246094 0.117188 0.484375
0 0.187500 0.337891 0.125000 0.550781
0 0.373047 0.347656 0.238281 0.687500
0 0.617188 0.373047 0.156250 0.105469
0 0.597656 0.562500 0.210938 0.281250
0 0.734375 0.679688 0.054688 0.273438
0 0.832031 0.755859 0.132812 0.300781
0 0.923828 0.837891 0.050781 0.285156
0 0.976562 0.865234 0.046875 0.246094
0 0.871094 0.937500 0.062500 0.054688
0 0.748047 0.849609 0.050781 0.042969
0 0.568359 0.738281 0.105469 0.070312
0 0.582031 0.900391 0.125000 0.183594
0 0.689453 0.919922 0.066406 0.089844
