0 0.279297 0.099609 0.550781 0.191406
0 0.193359 0.425781 0.378906 0.453125
0 0.119141 0.822266 0.230469 0.355469
0 0.619141 0.951172 0.753906 0.097656
0 0.453125 0.406250 0.148438 0.429688
0 0.658203 0.492188 0.285156 0.398438
0 0.722656 0.253906 0.164062 0.085938
0 0.949219 0.312500 0.101562 0.507812
0 0.841797 0.656250 0.144531 0.351562
0 0.947266 0.792969 0.105469 0.218750
0 0.626953 0.751953 0.152344 0.121094
0 0.740234 0.117188 0.152344 0.164062
0 0.314453 0.837891 0.144531 0.128906
0 0.332031 0.691406 0.148438 0.093750
