0 0.635625 0.797059 0.281250 0.170588
0 0.895000 0.751961 0.205000 0.205882
0 0.629375 0.579412 0.301250 0.245098
0 0.858750 0.440196 0.145000 0.409804
0 0.963750 0.208824 0.067500 0.405882
0 0.828125 0.119608 0.196250 0.215686
0 0.149375 0.785294 0.123750 0.123529
0 0.236875 0.651961 0.211250 0.143137
0 0.327500 0.756863 0.227500 0.062745
0 0.471250 0.740196 0.047500 0.080392
0 0.410625 0.618627 0.123750 0.174510
0 0.223750 0.452941 0.237500 0.247059
0 0.408750 0.402941 0.127500 0.252941
0 0.628125 0.313725 0.301250 0.278431
0 0.205000 0.231373 0.265000 0.180392
0 0.406250 0.142157 0.137500 0.260784
0 0.608125 0.091176 0.258750 0.166667
0 0.166875 0.076471 0.328750 0.129412
