0 0.915000 0.235751 0.161667 0.349741
0 0.718333 0.648964 0.088333 0.126943
0 0.164167 0.439767 0.083333 0.182642
0 0.104167 0.108808 0.200000 0.186528
0 0.512500 0.402202 0.150000 0.312176
0 0.710417 0.331606 0.214167 0.191710
0 0.745833 0.183938 0.093333 0.103627
0 0.943333 0.555052 0.083333 0.112694
0 0.248333 0.707254 0.141667 0.183938
0 0.363333 0.453368 0.110000 0.178756
0 0.084167 0.490933 0.051667 0.088083
0 0.497083 0.750648 0.119167 0.112694
0 0.642917 0.763601 0.069167 0.076425
0 0.143750 0.621762 0.064167 0.137306
