0 0.065417 0.115285 0.122500 0.209845
0 0.059167 0.312176 0.105000 0.170984
0 0.028750 0.466969 0.049167 0.128238
0 0.313333 0.308938 0.080000 0.167098
0 0.442917 0.120466 0.204167 0.225389
0 0.665417 0.123057 0.239167 0.209845
0 0.887917 0.078368 0.194167 0.128238
0 0.892500 0.281088 0.206667 0.186528
0 0.644167 0.313472 0.270000 0.155440
0 0.445417 0.359456 0.104167 0.216321
0 0.402500 0.541451 0.161667 0.103627
0 0.745833 0.571891 0.135000 0.097150
0 0.917917 0.473446 0.129167 0.115285
0 0.612917 0.452073 0.107500 0.111399
