0 0.160156 0.843750 0.179688 0.234375
0 0.162109 0.654297 0.277344 0.144531
0 0.191406 0.519531 0.257812 0.132812
0 0.033203 0.404297 0.058594 0.261719
0 0.195312 0.232422 0.265625 0.433594
0 0.347656 0.781250 0.070312 0.375000
0 0.449219 0.865234 0.085938 0.214844
0 0.439453 0.673828 0.105469 0.167969
0 0.523438 0.642578 0.046875 0.144531
0 0.660156 0.732422 0.242188 0.480469
0 0.765625 0.341797 0.328125 0.300781
0 0.857422 0.636719 0.136719 0.179688
0 0.808594 0.816406 0.046875 0.171875
0 0.404297 0.300781 0.144531 0.578125
0 0.671875 0.099609 0.390625 0.175781
0 0.542969 0.263672 0.125000 0.121094
