0 0.062500 0.099609 0.093750 0.191406
0 0.185547 0.105469 0.105469 0.203125
0 0.070312 0.433594 0.046875 0.257812
0 0.183594 0.593750 0.164062 0.773438
0 0.292969 0.509766 0.054688 0.285156
0 0.359375 0.107422 0.234375 0.207031
0 0.587891 0.289062 0.636719 0.156250
0 0.363281 0.664062 0.078125 0.593750
0 0.443359 0.660156 0.050781 0.593750
0 0.488281 0.503906 0.031250 0.273438
0 0.591797 0.677734 0.121094 0.613281
0 0.742188 0.578125 0.171875 0.406250
0 0.857422 0.482422 0.058594 0.230469
0 0.734375 0.882812 0.109375 0.195312
