0 0.193806 0.152137 0.385614 0.297436
0 0.414086 0.265812 0.054945 0.490598
0 0.271229 0.331624 0.228771 0.061538
0 0.321179 0.382906 0.132867 0.034188
0 0.355145 0.413675 0.064935 0.027350
0 0.223776 0.382051 0.037962 0.032479
0 0.041459 0.402564 0.080919 0.210256
0 0.312188 0.531624 0.052947 0.225641
0 0.357143 0.691453 0.162837 0.090598
0 0.421079 0.579487 0.112887 0.129915
0 0.495504 0.311111 0.105894 0.406838
0 0.550450 0.563248 0.143856 0.104274
0 0.586414 0.661538 0.119880 0.092308
0 0.663337 0.586325 0.081918 0.054701
0 0.152348 0.599145 0.076923 0.100855
