0 0.033203 0.150391 0.058594 0.238281
0 0.111328 0.291016 0.082031 0.527344
0 0.039062 0.345703 0.070312 0.128906
0 0.039062 0.564453 0.070312 0.175781
0 0.203125 0.134766 0.093750 0.105469
0 0.222656 0.457031 0.132812 0.507812
0 0.337891 0.486328 0.089844 0.386719
0 0.482422 0.382812 0.160156 0.132812
0 0.542969 0.630859 0.242188 0.363281
0 0.404297 0.642578 0.035156 0.136719
0 0.738281 0.560547 0.085938 0.105469
0 0.765625 0.718750 0.195312 0.203125
0 0.878906 0.863281 0.164062 0.078125
0 0.917969 0.951172 0.164062 0.097656
0 0.671875 0.851562 0.093750 0.070312
0 0.716797 0.921875 0.097656 0.062500
0 0.792969 0.978516 0.109375 0.042969
