0 0.447266 0.042969 0.886719 0.078125
0 0.285156 0.333984 0.484375 0.253906
0 0.292969 0.521484 0.453125 0.121094
0 0.185547 0.781250 0.183594 0.390625
0 0.365234 0.787109 0.074219 0.402344
0 0.451172 0.779297 0.050781 0.394531
0 0.175781 0.140625 0.226562 0.132812
0 0.417969 0.142578 0.257812 0.121094
0 0.763672 0.253906 0.332031 0.343750
0 0.574219 0.343750 0.054688 0.210938
0 0.646484 0.716797 0.230469 0.550781
0 0.808594 0.626953 0.085938 0.402344
0 0.880859 0.488281 0.050781 0.132812
0 0.783203 0.875000 0.035156 0.101562
