0 0.023438 0.273438 0.039062 0.539062
0 0.107422 0.335938 0.128906 0.507812
0 0.304688 0.136719 0.085938 0.078125
0 0.251953 0.408203 0.144531 0.457031
0 0.416016 0.546875 0.175781 0.265625
0 0.375000 0.318359 0.062500 0.128906
0 0.511719 0.255859 0.179688 0.214844
0 0.505859 0.388672 0.207031 0.058594
0 0.548828 0.613281 0.082031 0.382812
0 0.751953 0.671875 0.308594 0.195312
0 0.775391 0.845703 0.128906 0.152344
0 0.611328 0.828125 0.105469 0.054688
0 0.955078 0.841797 0.089844 0.238281
0 0.878906 0.816406 0.070312 0.085938
