0 0.501953 0.138672 0.996094 0.269531
0 0.501953 0.394531 0.996094 0.242188
0 0.185547 0.664062 0.261719 0.289062
0 0.183594 0.876953 0.195312 0.136719
0 0.076172 0.837891 0.027344 0.042969
0 0.443359 0.650391 0.246094 0.253906
0 0.378906 0.871094 0.078125 0.179688
0 0.458984 0.830078 0.074219 0.089844
0 0.480469 0.919922 0.031250 0.082031
0 0.787109 0.658203 0.417969 0.269531
0 0.773438 0.828125 0.390625 0.062500
0 0.654297 0.916016 0.136719 0.105469
0 0.783203 0.912109 0.066406 0.105469
0 0.849609 0.888672 0.058594 0.050781
