0 0.146484 0.337891 0.285156 0.363281
0 0.156250 0.123047 0.078125 0.074219
0 0.277344 0.125000 0.109375 0.062500
0 0.308594 0.201172 0.039062 0.105469
0 0.363281 0.519531 0.148438 0.445312
0 0.380859 0.285156 0.058594 0.039062
0 0.261719 0.626953 0.070312 0.207031
0 0.074219 0.544922 0.140625 0.050781
0 0.503906 0.552734 0.093750 0.355469
0 0.451172 0.566406 0.027344 0.164062
0 0.605469 0.558594 0.101562 0.273438
0 0.712891 0.667969 0.105469 0.195312
0 0.814453 0.703125 0.089844 0.148438
0 0.902344 0.767578 0.078125 0.160156
0 0.972656 0.816406 0.054688 0.148438
0 0.644531 0.718750 0.039062 0.046875
0 0.919922 0.871094 0.058594 0.039062
