0 0.097656 0.281250 0.187500 0.554688
0 0.234375 0.458984 0.078125 0.582031
0 0.150391 0.611328 0.089844 0.097656
0 0.166016 0.699219 0.050781 0.109375
0 0.406250 0.449219 0.265625 0.382812
0 0.396484 0.238281 0.074219 0.046875
0 0.558594 0.378906 0.031250 0.054688
0 0.603516 0.648438 0.121094 0.492188
0 0.525391 0.779297 0.035156 0.269531
0 0.498047 0.863281 0.019531 0.109375
0 0.697266 0.714844 0.050781 0.226562
0 0.804688 0.748047 0.156250 0.230469
0 0.912109 0.804688 0.058594 0.234375
0 0.970703 0.865234 0.058594 0.167969
