0 0.041016 0.339844 0.074219 0.671875
0 0.111328 0.044922 0.058594 0.082031
0 0.236328 0.113281 0.199219 0.218750
0 0.119141 0.601562 0.082031 0.554688
0 0.212891 0.503906 0.113281 0.218750
0 0.406250 0.466797 0.273438 0.488281
0 0.578125 0.509766 0.070312 0.378906
0 0.708984 0.566406 0.183594 0.296875
0 0.876953 0.683594 0.144531 0.234375
0 0.728516 0.757812 0.152344 0.078125
0 0.216797 0.300781 0.105469 0.156250
0 0.843750 0.839844 0.312500 0.078125
0 0.791016 0.916016 0.097656 0.066406
0 0.955078 0.919922 0.089844 0.074219
0 0.970703 0.978516 0.058594 0.042969
