0 0.191406 0.197266 0.351562 0.386719
0 0.605469 0.123047 0.468750 0.238281
0 0.609375 0.486328 0.476562 0.480469
0 0.072266 0.455078 0.136719 0.082031
0 0.328125 0.447266 0.093750 0.105469
0 0.275391 0.615234 0.191406 0.222656
0 0.095703 0.687500 0.183594 0.085938
0 0.107422 0.605469 0.105469 0.062500
0 0.876953 0.441406 0.058594 0.210938
0 0.945312 0.478516 0.070312 0.089844
0 0.878906 0.781250 0.054688 0.437500
0 0.949219 0.734375 0.085938 0.203125
0 0.923828 0.929688 0.027344 0.140625
0 0.970703 0.962891 0.058594 0.074219
0 0.666016 0.783203 0.378906 0.105469
0 0.728516 0.875000 0.269531 0.070312
0 0.777344 0.935547 0.148438 0.042969
0 0.804688 0.978516 0.093750 0.042969
0 0.416016 0.804688 0.128906 0.078125
