0 0.500000 0.083984 0.960938 0.160156
0 0.490234 0.234375 0.808594 0.140625
0 0.935547 0.193359 0.066406 0.058594
0 0.498047 0.376953 0.800781 0.136719
0 0.210938 0.628906 0.210938 0.359375
0 0.218750 0.857422 0.179688 0.089844
0 0.228516 0.923828 0.160156 0.035156
0 0.205078 0.966797 0.082031 0.042969
0 0.287109 0.960938 0.042969 0.039062
0 0.404297 0.574219 0.167969 0.250000
0 0.419922 0.753906 0.144531 0.101562
0 0.392578 0.904297 0.058594 0.191406
0 0.470703 0.904297 0.035156 0.191406
0 0.718750 0.511719 0.375000 0.132812
0 0.734375 0.652344 0.375000 0.140625
0 0.611328 0.857422 0.121094 0.277344
0 0.724609 0.861328 0.066406 0.269531
0 0.781250 0.822266 0.031250 0.191406
0 0.828125 0.775391 0.054688 0.105469
