0 0.011719 0.339844 0.015625 0.335938
0 0.236328 0.375000 0.425781 0.265625
0 0.269531 0.125000 0.210938 0.140625
0 0.304688 0.029297 0.109375 0.050781
0 0.265625 0.222656 0.328125 0.046875
0 0.474609 0.603516 0.042969 0.457031
0 0.287109 0.564453 0.332031 0.113281
0 0.337891 0.695312 0.058594 0.148438
0 0.414062 0.771484 0.085938 0.089844
0 0.437500 0.673828 0.039062 0.105469
0 0.154297 0.746094 0.050781 0.234375
0 0.570312 0.669922 0.140625 0.519531
0 0.679688 0.640625 0.078125 0.234375
0 0.794922 0.791016 0.144531 0.355469
0 0.710938 0.779297 0.031250 0.042969
0 0.687500 0.894531 0.085938 0.109375
0 0.900391 0.876953 0.058594 0.207031
0 0.966797 0.921875 0.066406 0.148438
