0 0.234375 0.156250 0.460938 0.304688
0 0.685547 0.082031 0.339844 0.156250
0 0.511719 0.158203 0.132812 0.136719
0 0.417969 0.427734 0.765625 0.230469
0 0.619141 0.287109 0.152344 0.066406
0 0.410156 0.632812 0.812500 0.195312
0 0.166016 0.812500 0.128906 0.101562
0 0.273438 0.916016 0.117188 0.113281
0 0.613281 0.806641 0.578125 0.160156
0 0.560547 0.910156 0.074219 0.039062
0 0.521484 0.966797 0.957031 0.066406
0 0.875000 0.896484 0.234375 0.089844
0 0.906250 0.470703 0.187500 0.378906
0 0.917969 0.240234 0.070312 0.074219
